# Observed impulse candidates for the POLONAISE UHDM search, night-time
# selection: segments starting 19:00-07:00 local (CET) only, excluding
# 19-20 Jan 2026 (elevated lab vibration) and segments with the lock-in
# calibration output on. One impulse per line, in eV.
1.723474355777933203e+13
4.717372171228204102e+12
4.699744794221991211e+12
4.473648427795039062e+12
4.442534963360233398e+12
4.269522464821844238e+12
4.162019387443482910e+12
4.128669548266562500e+12
3.968801005154956543e+12
3.819959850199145996e+12
3.718378311034552734e+12
3.716635944179584473e+12
3.708525435610574219e+12
3.694581044759289062e+12
3.626532335901993164e+12
3.589101629494645020e+12
3.555425780409086426e+12
3.522231452971934570e+12
3.470599803528416504e+12
3.452714758586403320e+12
3.444719404626953125e+12
3.442288579641642090e+12
3.417763044376266602e+12
3.403168317995954102e+12
3.379709873027107910e+12
3.379043578145011230e+12
3.373464572987754395e+12
3.365809769734730957e+12
3.361284689627225098e+12
3.342285183705095215e+12
3.335771288556878418e+12
3.330979101298828125e+12
3.288408792053103516e+12
3.269263941543459473e+12
3.255470241249708496e+12
3.243424340995140137e+12
3.153525432204817871e+12
3.129023736044543457e+12
3.114952430490389160e+12
3.057460488575774902e+12
3.051767683227734375e+12
3.050501604212744141e+12
3.002087995793195801e+12
3.000501636571763184e+12
2.999770062833256836e+12
2.987897155850081543e+12
2.959449718059695801e+12
2.957585064485093750e+12
2.951539161954479492e+12
2.923768245595608398e+12
2.857168732512429688e+12
2.845628883341375977e+12
2.845246849003630371e+12
2.824445487071123047e+12
2.804118513595554688e+12
2.783770743666248047e+12
2.781085399879137695e+12
2.753472035864650879e+12
2.749040633103167480e+12
2.746590222990117676e+12
2.708284643636900879e+12
2.705176465527042480e+12
2.685438767589683594e+12
2.646955464567253906e+12
2.604911677240336914e+12
2.589396218639875977e+12
2.548543199835909668e+12
2.507223030936587402e+12
2.500400938188549805e+12
2.460316063927273438e+12
2.428549189783603027e+12
2.421572722918650879e+12
2.407385501710165039e+12
2.389801559869339844e+12
2.388179635688216797e+12
2.387729200267237305e+12
2.382021832848911133e+12
2.372031551595773438e+12
2.358461191261231934e+12
2.336772515547762207e+12
2.318222146773913574e+12
2.313147598766951172e+12
2.267322043833883301e+12
2.264212903690299316e+12
2.244728764919870117e+12
2.234144236605537598e+12
2.228941873384800293e+12
2.194466454432873535e+12
2.191435826536494141e+12
2.182041438511203613e+12
2.176448730498079102e+12
2.170249923433157471e+12
2.142236754948324951e+12
2.127301465103562500e+12
2.110892617936519287e+12
2.070406452229304688e+12
2.058344281332559814e+12
2.054380572582173340e+12
2.034616039552896973e+12
2.031569018217760254e+12
2.018261699489374756e+12
2.005985871358117432e+12
1.982983759450110352e+12
1.955026129186188477e+12
1.951882020068349121e+12
1.944391393349846924e+12
1.942391408460054199e+12
1.941129007556745117e+12
1.899743214029191895e+12
1.873697023730745361e+12
1.866398634917253662e+12
1.864933866078839600e+12
1.837228898221803467e+12
1.833964760496919922e+12
1.806171549046323242e+12
1.792768767900778564e+12
1.784824679159380127e+12
1.756374010495586182e+12
1.755416829666105713e+12
1.742123490071991455e+12
1.740040711458303711e+12
1.696624315676079590e+12
1.671743516352371338e+12
1.632287107254134521e+12
1.597337143716226562e+12
1.568952853160420898e+12
